   0.0000000000000000     
   4.0000000000000008E-002
  0.16000000000000003     
  0.36000000000000010     
  0.64000000000000012     
   1.0000000000000000     
   0.0000000000000000     
   2.0000000000000000     
   2.0000000000000000     
   2.0000000000000000     
   2.0000000000000000     
   1.0000000000000000     
   0.0000000000000000     
   2.0000000000000000     
   2.0000000000000000     
   2.0000000000000000     
   2.0000000000000000     
   1.0000000000000000     
   0.0000000000000000     
   2.0000000000000000     
   2.0000000000000000     
   2.0000000000000000     
   2.0000000000000000     
   1.0000000000000000     
   0.0000000000000000     
   2.0000000000000000     
   2.0000000000000000     
   2.0000000000000000     
   2.0000000000000000     
   1.0000000000000000     
   0.0000000000000000     
   4.0000000000000008E-002
  0.16000000000000003     
  0.36000000000000010     
  0.64000000000000012     
   1.0000000000000000     
