    0.00000000000000     0.00000000000000     0.00000000000000     0.00000000000000     0.00000000000000     0.00000000000000     0.00000000000000     0.00000000000000     0.00000000000000     0.00000000000000     0.00000000000000     0.00000000000000     0.00000000000000     0.00000000000000     0.00000000000000     0.00000000000000     0.00000000000000     0.00000000000000     0.00000000000000     0.00000000000000     0.00000000000000     0.00000000000000     0.00000000000000     0.00000000000000     0.00000000000000
    0.01829268292683     0.01829268292683     0.01829268292683     0.01829268292683     0.01829268292683     0.01829268292683     0.01829268292683     0.01829268292683     0.01829268292683     0.01829268292683     0.01829268292683     0.01829268292683     0.01829268292683     0.01829268292683     0.01829268292683     0.01829268292683     0.01829268292683     0.01829268292683     0.01829268292683     0.01829268292683     0.01829268292683     0.01829268292683     0.01829268292683     0.01829268292683     0.01829268292683
    0.03750000000000     0.03750000000000     0.03750000000000     0.03750000000000     0.03750000000000     0.03750000000000     0.03750000000000     0.03750000000000     0.03750000000000     0.03750000000000     0.03750000000000     0.03750000000000     0.03750000000000     0.03750000000000     0.03750000000000     0.03750000000000     0.03750000000000     0.03750000000000     0.03750000000000     0.03750000000000     0.03750000000000     0.03750000000000     0.03750000000000     0.03750000000000     0.03750000000000
    0.05769230769231     0.05769230769231     0.05769230769231     0.05769230769231     0.05769230769231     0.05769230769231     0.05769230769231     0.05769230769231     0.05769230769231     0.05769230769231     0.05769230769231     0.05769230769231     0.05769230769231     0.05769230769231     0.05769230769231     0.05769230769231     0.05769230769231     0.05769230769231     0.05769230769231     0.05769230769231     0.05769230769231     0.05769230769231     0.05769230769231     0.05769230769231     0.05769230769231
    0.07894736842105     0.07894736842105     0.07894736842105     0.07894736842105     0.07894736842105     0.07894736842105     0.07894736842105     0.07894736842105     0.07894736842105     0.07894736842105     0.07894736842105     0.07894736842105     0.07894736842105     0.07894736842105     0.07894736842105     0.07894736842105     0.07894736842105     0.07894736842105     0.07894736842105     0.07894736842105     0.07894736842105     0.07894736842105     0.07894736842105     0.07894736842105     0.07894736842105
    0.10135135135135     0.10135135135135     0.10135135135135     0.10135135135135     0.10135135135135     0.10135135135135     0.10135135135135     0.10135135135135     0.10135135135135     0.10135135135135     0.10135135135135     0.10135135135135     0.10135135135135     0.10135135135135     0.10135135135135     0.10135135135135     0.10135135135135     0.10135135135135     0.10135135135135     0.10135135135135     0.10135135135135     0.10135135135135     0.10135135135135     0.10135135135135     0.10135135135135
    0.12500000000000     0.12500000000000     0.12500000000000     0.12500000000000     0.12500000000000     0.12500000000000     0.12500000000000     0.12500000000000     0.12500000000000     0.12500000000000     0.12500000000000     0.12500000000000     0.12500000000000     0.12500000000000     0.12500000000000     0.12500000000000     0.12500000000000     0.12500000000000     0.12500000000000     0.12500000000000     0.12500000000000     0.12500000000000     0.12500000000000     0.12500000000000     0.12500000000000
    0.15000000000000     0.15000000000000     0.15000000000000     0.15000000000000     0.15000000000000     0.15000000000000     0.15000000000000     0.15000000000000     0.15000000000000     0.15000000000000     0.15000000000000     0.15000000000000     0.15000000000000     0.15000000000000     0.15000000000000     0.15000000000000     0.15000000000000     0.15000000000000     0.15000000000000     0.15000000000000     0.15000000000000     0.15000000000000     0.15000000000000     0.15000000000000     0.15000000000000
    0.17647058823529     0.17647058823529     0.17647058823529     0.17647058823529     0.17647058823529     0.17647058823529     0.17647058823529     0.17647058823529     0.17647058823529     0.17647058823529     0.17647058823529     0.17647058823529     0.17647058823529     0.17647058823529     0.17647058823529     0.17647058823529     0.17647058823529     0.17647058823529     0.17647058823529     0.17647058823529     0.17647058823529     0.17647058823529     0.17647058823529     0.17647058823529     0.17647058823529
    0.20454545454545     0.20454545454545     0.20454545454545     0.20454545454545     0.20454545454545     0.20454545454545     0.20454545454545     0.20454545454545     0.20454545454545     0.20454545454545     0.20454545454545     0.20454545454545     0.20454545454545     0.20454545454545     0.20454545454545     0.20454545454545     0.20454545454545     0.20454545454545     0.20454545454545     0.20454545454545     0.20454545454545     0.20454545454545     0.20454545454545     0.20454545454545     0.20454545454545
    0.23437500000000     0.23437500000000     0.23437500000000     0.23437500000000     0.23437500000000     0.23437500000000     0.23437500000000     0.23437500000000     0.23437500000000     0.23437500000000     0.23437500000000     0.23437500000000     0.23437500000000     0.23437500000000     0.23437500000000     0.23437500000000     0.23437500000000     0.23437500000000     0.23437500000000     0.23437500000000     0.23437500000000     0.23437500000000     0.23437500000000     0.23437500000000     0.23437500000000
    0.26612903225806     0.26612903225806     0.26612903225806     0.26612903225806     0.26612903225806     0.26612903225806     0.26612903225806     0.26612903225806     0.26612903225806     0.26612903225806     0.26612903225806     0.26612903225806     0.26612903225806     0.26612903225806     0.26612903225806     0.26612903225806     0.26612903225806     0.26612903225806     0.26612903225806     0.26612903225806     0.26612903225806     0.26612903225806     0.26612903225806     0.26612903225806     0.26612903225806
    0.30000000000000     0.30000000000000     0.30000000000000     0.30000000000000     0.30000000000000     0.30000000000000     0.30000000000000     0.30000000000000     0.30000000000000     0.30000000000000     0.30000000000000     0.30000000000000     0.30000000000000     0.30000000000000     0.30000000000000     0.30000000000000     0.30000000000000     0.30000000000000     0.30000000000000     0.30000000000000     0.30000000000000     0.30000000000000     0.30000000000000     0.30000000000000     0.30000000000000
    0.33620689655172     0.33620689655172     0.33620689655172     0.33620689655172     0.33620689655172     0.33620689655172     0.33620689655172     0.33620689655172     0.33620689655172     0.33620689655172     0.33620689655172     0.33620689655172     0.33620689655172     0.33620689655172     0.33620689655172     0.33620689655172     0.33620689655172     0.33620689655172     0.33620689655172     0.33620689655172     0.33620689655172     0.33620689655172     0.33620689655172     0.33620689655172     0.33620689655172
    0.37500000000000     0.37500000000000     0.37500000000000     0.37500000000000     0.37500000000000     0.37500000000000     0.37500000000000     0.37500000000000     0.37500000000000     0.37500000000000     0.37500000000000     0.37500000000000     0.37500000000000     0.37500000000000     0.37500000000000     0.37500000000000     0.37500000000000     0.37500000000000     0.37500000000000     0.37500000000000     0.37500000000000     0.37500000000000     0.37500000000000     0.37500000000000     0.37500000000000
    0.41666666666667     0.41666666666667     0.41666666666667     0.41666666666667     0.41666666666667     0.41666666666667     0.41666666666667     0.41666666666667     0.41666666666667     0.41666666666667     0.41666666666667     0.41666666666667     0.41666666666667     0.41666666666667     0.41666666666667     0.41666666666667     0.41666666666667     0.41666666666667     0.41666666666667     0.41666666666667     0.41666666666667     0.41666666666667     0.41666666666667     0.41666666666667     0.41666666666667
    0.46153846153846     0.46153846153846     0.46153846153846     0.46153846153846     0.46153846153846     0.46153846153846     0.46153846153846     0.46153846153846     0.46153846153846     0.46153846153846     0.46153846153846     0.46153846153846     0.46153846153846     0.46153846153846     0.46153846153846     0.46153846153846     0.46153846153846     0.46153846153846     0.46153846153846     0.46153846153846     0.46153846153846     0.46153846153846     0.46153846153846     0.46153846153846     0.46153846153846
    0.51000000000000     0.51000000000000     0.51000000000000     0.51000000000000     0.51000000000000     0.51000000000000     0.51000000000000     0.51000000000000     0.51000000000000     0.51000000000000     0.51000000000000     0.51000000000000     0.51000000000000     0.51000000000000     0.51000000000000     0.51000000000000     0.51000000000000     0.51000000000000     0.51000000000000     0.51000000000000     0.51000000000000     0.51000000000000     0.51000000000000     0.51000000000000     0.51000000000000
    0.56250000000000     0.56250000000000     0.56250000000000     0.56250000000000     0.56250000000000     0.56250000000000     0.56250000000000     0.56250000000000     0.56250000000000     0.56250000000000     0.56250000000000     0.56250000000000     0.56250000000000     0.56250000000000     0.56250000000000     0.56250000000000     0.56250000000000     0.56250000000000     0.56250000000000     0.56250000000000     0.56250000000000     0.56250000000000     0.56250000000000     0.56250000000000     0.56250000000000
    0.61956521739130     0.61956521739130     0.61956521739130     0.61956521739130     0.61956521739130     0.61956521739130     0.61956521739130     0.61956521739130     0.61956521739130     0.61956521739130     0.61956521739130     0.61956521739130     0.61956521739130     0.61956521739130     0.61956521739130     0.61956521739130     0.61956521739130     0.61956521739130     0.61956521739130     0.61956521739130     0.61956521739130     0.61956521739130     0.61956521739130     0.61956521739130     0.61956521739130
    0.68181818181818     0.68181818181818     0.68181818181818     0.68181818181818     0.68181818181818     0.68181818181818     0.68181818181818     0.68181818181818     0.68181818181818     0.68181818181818     0.68181818181818     0.68181818181818     0.68181818181818     0.68181818181818     0.68181818181818     0.68181818181818     0.68181818181818     0.68181818181818     0.68181818181818     0.68181818181818     0.68181818181818     0.68181818181818     0.68181818181818     0.68181818181818     0.68181818181818
    0.75000000000000     0.75000000000000     0.75000000000000     0.75000000000000     0.75000000000000     0.75000000000000     0.75000000000000     0.75000000000000     0.75000000000000     0.75000000000000     0.75000000000000     0.75000000000000     0.75000000000000     0.75000000000000     0.75000000000000     0.75000000000000     0.75000000000000     0.75000000000000     0.75000000000000     0.75000000000000     0.75000000000000     0.75000000000000     0.75000000000000     0.75000000000000     0.75000000000000
    0.82500000000000     0.82500000000000     0.82500000000000     0.82500000000000     0.82500000000000     0.82500000000000     0.82500000000000     0.82500000000000     0.82500000000000     0.82500000000000     0.82500000000000     0.82500000000000     0.82500000000000     0.82500000000000     0.82500000000000     0.82500000000000     0.82500000000000     0.82500000000000     0.82500000000000     0.82500000000000     0.82500000000000     0.82500000000000     0.82500000000000     0.82500000000000     0.82500000000000
    0.90789473684211     0.90789473684211     0.90789473684211     0.90789473684211     0.90789473684211     0.90789473684211     0.90789473684211     0.90789473684211     0.90789473684211     0.90789473684211     0.90789473684211     0.90789473684211     0.90789473684211     0.90789473684211     0.90789473684211     0.90789473684211     0.90789473684211     0.90789473684211     0.90789473684211     0.90789473684211     0.90789473684211     0.90789473684211     0.90789473684211     0.90789473684211     0.90789473684211
    1.00000000000000     1.00000000000000     1.00000000000000     1.00000000000000     1.00000000000000     1.00000000000000     1.00000000000000     1.00000000000000     1.00000000000000     1.00000000000000     1.00000000000000     1.00000000000000     1.00000000000000     1.00000000000000     1.00000000000000     1.00000000000000     1.00000000000000     1.00000000000000     1.00000000000000     1.00000000000000     1.00000000000000     1.00000000000000     1.00000000000000     1.00000000000000     1.00000000000000
