    0.000
    0.000
    0.000
    0.000
    0.000
    0.000
    0.000
    0.000
    0.000
    0.000
    0.000
    0.000
    0.000
    0.000
    0.136
    0.136
    0.376
    0.376
    0.776
    0.776
    1.336
    1.336
    0.028
    0.028
    0.000
    0.000
    0.302
    0.302
    0.542
    0.542
    0.942
    0.942
    1.502
    1.502
    0.111
    0.111
    0.000
    0.000
    0.580
    0.580
    0.820
    0.820
    1.220
    1.220
    1.780
    1.780
    0.250
    0.250
    0.000
    0.000
    0.969
    0.969
    1.209
    1.209
    1.609
    1.609
    2.169
    2.169
    0.444
    0.444
    0.000
    0.000
    1.469
    1.469
    1.709
    1.709
    2.109
    2.109
    2.669
    2.669
    0.694
    0.694
    0.000
    0.000
    0.040
    0.040
    0.160
    0.160
    0.360
    0.360
    0.640
    0.640
    1.000
    1.000
