   1.0000000000000000        1.0000000000000000        1.0000000000000000        1.0000000000000000        1.0000000000000000        1.0000000000000000        1.0000000000000000        1.0000000000000000        1.0000000000000000        1.0000000000000000        1.0000000000000000        1.0000000000000000        1.0000000000000000        1.0000000000000000        1.0000000000000000        1.0000000000000000        1.0000000000000000        1.0000000000000000        1.0000000000000000        1.0000000000000000     
   1.0000000000000000       0.99516091178205379       0.98073731422733945       0.95700839557980655       0.92443346116206282       0.88364304289947304       0.83542669452171603       0.78071770868218004       0.72057505181603310       0.65616286641222266       0.58872793746066787       0.51957555924203869       0.45004426959105842       0.38147994068584101       0.31520972787109347       0.25251638077094601       0.19461341393458273       0.14262161762041148        9.7547363384326763E-002   6.0263124396755505E-002
   1.0000000000000000       0.98073731422733945       0.92443346116206282       0.83542669452171603       0.72057505181603310       0.58872793746066787       0.45004426959105842       0.31520972787109347       0.19461341393458273        9.7547363384326763E-002   3.1490587544096775E-002   1.5328100785542711E-003   9.9823000027634383E-003   5.6188017839327122E-002  0.13658977869390140       0.24499256714684547       0.37304386779476195       0.51087723276900554       0.64787249887562848       0.77347407906121324     
   1.0000000000000000       0.95700839557980655       0.83542669452171603       0.65616286641222266       0.45004426959105825       0.25251638077094601        9.7547363384326902E-002   1.1786684202687085E-002   9.9823000027634817E-003   9.2444504271536596E-002  0.24499256714684547       0.44139334473188180       0.64787249887562803       0.82892254911422869       0.95340896688722720       0.99992426888028862       0.96046938524232683       0.84182923097257456       0.66440592839389412       0.45871032726383432     
   1.0000000000000000       0.92443346116206282       0.72057505181603310       0.45004426959105842       0.19461341393458273        3.1490587544096775E-002   9.9823000027634383E-003  0.13658977869390140       0.37304386779476195       0.64787249887562848       0.87800427823910254       0.99387815771273058       0.96046938524232683       0.78787630203754166       0.52826795579899011       0.26011516324142447        6.4471438018055438E-002   4.7325677084450934E-004   8.7465103694891008E-002  0.29915228767351498     
   1.0000000000000000       0.88364304289947304       0.58872793746066787       0.25251638077094601        3.1490587544096775E-002   2.8522112742545878E-002  0.24499256714684547       0.58015057725038510       0.87800427823910254       0.99992426888028862       0.88916559269101059       0.59727841980673635       0.26011516324142447        3.4600985315250452E-002   2.5696460134279790E-002  0.23754600151644348       0.57154893746825952       0.87225100682974399       0.99969709846196397       0.89457025469819695     
   1.0000000000000000       0.83542669452171603       0.45004426959105825        9.7547363384326902E-002   9.9823000027634817E-003  0.24499256714684547       0.64787249887562803       0.95340896688722720       0.96046938524232683       0.66440592839389412       0.26011516324142447        1.3738960166864165E-002   8.7465103694890523E-002  0.43276017326320887       0.82231876501497059       0.99969709846196397       0.84812821898178536       0.46738889258920691       0.10811723716423308        6.8193482986386549E-003
   1.0000000000000000       0.78071770868218004       0.31520972787109347        1.1786684202687085E-002  0.13658977869390140       0.58015057725038510       0.95340896688722720       0.92896912787176256       0.52826795579899011       0.10277213525232388        2.5696460134279790E-002  0.36464625302386772       0.82231876501497059       0.99727608769722254       0.73605805066824226       0.26778661270106136        3.1963093002146548E-003  0.17436701242656091       0.63115990612799233       0.97290862085031704     
   1.0000000000000000       0.72057505181603310       0.19461341393458273        9.9823000027634383E-003  0.37304386779476195       0.87800427823910254       0.96046938524232683       0.52826795579899011        6.4471438018055438E-002   8.7465103694891008E-002  0.57154893746825952       0.97566253866288311       0.84812821898178603       0.33149106109923981        3.1963093002146548E-003  0.23017893962675387       0.75874051320824210       0.99810786880450653       0.68074016267786808       0.16135921418712998     
   1.0000000000000000       0.65616286641222266        9.7547363384326902E-002   9.2444504271536596E-002  0.64787249887562803       0.99992426888028862       0.66440592839389412       0.10277213525232388        8.7465103694890523E-002  0.63953733713937622       0.99969709846196397       0.67259918779538708       0.10811723716423308        8.2610670036713379E-002  0.63115990612799233       0.99931855756050714       0.68074016267786974       0.11358104995784347        7.7882673823791729E-002  0.62274274357039905     
   1.0000000000000000       0.58872793746066787        3.1490587544096775E-002  0.24499256714684547       0.87800427823910254       0.88916559269101059       0.26011516324142447        2.5696460134279790E-002  0.57154893746825952       0.99969709846196397       0.60579943413818182        3.7852363840382562E-002  0.23017893962675387       0.86638497147814286       0.89985539171661133       0.27552840528002670        2.0477001811347637E-002  0.55428324834303255       0.99878876084522328       0.62274274357039994     
   1.0000000000000000       0.51957555924203869        1.5328100785542711E-003  0.44139334473188180       0.99387815771273058       0.59727841980673602        1.3738960166864165E-002  0.36464625302386772       0.97566253866288311       0.67259918779538708        3.7852363840382229E-002  0.29121361848377081       0.94579919543841007       0.74369345575766088        7.3282547281915272E-002  0.22289361314115946       0.90501940274887527       0.80882031210958405       0.11916191851050933       0.16135921418712926     
   1.0000000000000000       0.45004426959105825        9.9823000027634817E-003  0.64787249887562803       0.96046938524232683       0.26011516324142447        8.7465103694890523E-002  0.82231876501497059       0.84812821898178536       0.10811723716423308       0.23017893962675387       0.94579919543841007       0.68074016267786974        1.8084777198374737E-002  0.41555754512310333       0.99878876084522328       0.48477302740571959        4.2539373062331241E-003  0.61428839923117584       0.97290862085031793     
   1.0000000000000000       0.38147994068584112        5.6188017839327017E-002  0.82892254911422836       0.78787630203754200        3.4600985315250452E-002  0.43276017326320804       0.99727608769722276       0.33149106109924054        8.2610670036713379E-002  0.86638497147814286       0.74369345575766266        1.8084777198375212E-002  0.48477302740571515       0.98913402958182373       0.28333819579983927       0.11358104995783946       0.89985539171660756       0.69685541106880533        6.8193482986391085E-003
   1.0000000000000000       0.31520972787109347       0.13658977869390140       0.95340896688722720       0.52826795579899011        2.5696460134279790E-002  0.82231876501497059       0.73605805066824226        3.1963093002146548E-003  0.63115990612799233       0.89985539171661133        7.3282547281915272E-002  0.41555754512310333       0.98913402958182328       0.22289361314116177       0.21569222896338766       0.98725562837171199       0.42414737038401423        6.8811683902014989E-002  0.89457025469819584     
   1.0000000000000000       0.25251638077094601       0.24499256714684547       0.99992426888028862       0.26011516324142447       0.23754600151644426       0.99969709846196397       0.26778661270106052       0.23017893962675387       0.99931855756050736       0.27552840528002520       0.22289361314115946       0.99878876084522328       0.28333819579983766       0.21569222896338916       0.99810786880450630       0.29121361848377170       0.20857696856898905       0.99727608769722254       0.29915228767351665     
   1.0000000000000000       0.19461341393458273       0.37304386779476195       0.96046938524232683        6.4471438018055438E-002  0.57154893746825952       0.84812821898178603        3.1963093002146548E-003  0.75874051320824210       0.68074016267786808        2.0477001811347637E-002  0.90501940274887527       0.48477302740572131       0.11358104995784059       0.98725562837171199       0.29121361848377170       0.26778661270105802       0.99244579585987014       0.13066802561928886       0.45871032726383254     
   1.0000000000000000       0.14262161762041131       0.51087723276900598       0.84182923097257456        4.7325677084454799E-004  0.87225100682974466       0.46738889258920691       0.17436701242656091       0.99810786880450653       0.11358104995784235       0.55428324834303444       0.80882031210958405        4.2539373062331241E-003  0.89985539171660867       0.42414737038401423       0.20857696856898905       0.99244579585986947        8.7465103694894561E-002  0.59727841980673413       0.77347407906121757     
   1.0000000000000000        9.7547363384326902E-002  0.64787249887562803       0.66440592839389412        8.7465103694890523E-002  0.99969709846196397       0.10811723716423308       0.63115990612799233       0.68074016267786974        7.7882673823791729E-002  0.99878876084522328       0.11916191851050933       0.61428839923117584       0.69685541106880533        6.8811683902014989E-002  0.99727608769722209       0.13066802561929128       0.59727841980673069       0.71273214823260567        6.0263124396754936E-002
   1.0000000000000000        6.0263124396755505E-002  0.77347407906121324       0.45871032726383432       0.29915228767351498       0.89457025469819695        6.8193482986386549E-003  0.97290862085031704       0.16135921418712998       0.62274274357039905       0.62274274357039994       0.16135921418712926       0.97290862085031793        6.8193482986391085E-003  0.89457025469819584       0.29915228767351665       0.45871032726383254       0.77347407906121757        6.0263124396754936E-002   1.0000000000000000     
